"B1_Bayes" "B2_Bayes" "B3_Bayes" "SD1_Bayes" "SD2_Bayes" "SD3_Bayes" "CI1_Bayes" "CI2_Bayes" "CI3_Bayes" "N1" "N2" "N3" "B1_SeBR" "B2_SeBR" "B3_SeBR" "SD1_SeBRs" "SD2_SeBR" "SD3_SeBR" "CI1_SeBR" "CI2_SeBR" "CI3_SeBR" "IMSEBuLTM" "IMSESeBR" "MAEBuLTM" "MAEBuLTM2" "MAESeBR"
0.698579538896142 0.56476102621836 0.383110674275156 0.0756904590440902 0.152001086559822 0.132045498971486 1 1 1 391 521 276 0.550101983368558 0.431188429681038 0.398378951098925 0.111151848749681 0.14921390092689 0.12476267519416 1 1 1 0.00381133394391417 0.00454533582557257 1.06581965820238 1.23754087927895 1.04103784347489
0.714902191470139 0.554199669813884 0.400189835295107 0.0690710611560314 0.100735587465774 0.0819305561807188 1 1 0 884 847 1341 0.601319414014455 0.419828738878302 0.418344249517238 0.105632393518549 0.1372665031431 0.107269114441858 1 1 1 0.00379406194223019 0.00574735327312026 1.07122399986581 1.17739395071505 1.13142882726632
0.484819938724977 0.573074546572492 0.637478545975262 0.0796725713785262 0.118334738875859 0.0990606198783847 1 1 1 348 392 495 0.387468742824455 0.501751917582236 0.384217672749307 0.105566100891095 0.151696660164067 0.135462443859573 1 1 1 0.00261744246601233 0.00564441515829102 1.06301091271421 1.66082923411798 1.10990903922908
0.696605711796325 0.340199401146138 0.603988289167648 0.103071046195509 0.13730782552227 0.0688074826940244 1 1 1 695 842 718 0.517660783355362 0.341034358651589 0.56626586857234 0.114698837744548 0.14060141289693 0.115654664309036 1 1 1 0.00285173925879053 0.00534127462343171 0.887104382382416 1.04375170487588 0.873114426127531
0.589779319648439 0.471430009113569 0.63074015448278 0.0879213094896561 0.128186194664842 0.089034393496627 1 1 1 1547 1723 1821 0.579595515467466 0.355608496769072 0.430710810122001 0.11252815900652 0.138603764048784 0.11152197419071 1 1 1 0.00246951860936594 0.00545852570293761 1.10235418303844 1.83229651195404 1.15462805010689
0.447077921337562 0.811149781459255 0.34790949688841 0.0831089043406496 0.0710783195408534 0.0957204742108698 1 0 0 1121 311 1228 0.290030667524239 0.926512850079367 0.0704963124804656 0.108031571390828 0.148438708384696 0.114818368414597 1 1 1 0.00318027605240556 0.006664626591991 0.514602974118008 1.81654588506254 0.630106850666397
0.656119742010147 0.494905356130292 0.557282420304945 0.0559029702267085 0.0869820114611688 0.0576573333086977 1 1 1 562 1215 629 0.522440872662427 0.370146075527753 0.496740394486033 0.117155290072675 0.134455855673052 0.108235069356094 1 1 1 0.00371381793659624 0.00612019086784143 0.959218091620288 1.30463644934835 1.02362107235411
0.485517973723785 0.546181441858645 0.659430266543037 0.0886799562751633 0.122312977768945 0.0910660944581116 1 1 1 1039 1117 514 0.229511805706286 0.377908709265337 0.631549286626506 0.111912795292191 0.139709020990644 0.113924200842784 1 1 1 0.00335807483718709 0.00601380511074746 1.18727005829752 2.06793399730269 1.08811092087644
0.525612440698384 0.662654540459252 0.506567618255417 0.07628843399945 0.108425766286405 0.102179756134019 1 1 1 662 967 411 0.581903725733141 0.274572575878682 0.576068377748795 0.104636387225194 0.135584548919486 0.120230152060218 1 1 1 0.00297225158634495 0.00454258437205162 0.937290649473079 2.20651241717002 1.06408563978597
0.569019641724753 0.262268585047651 0.766733855560835 0.0703297517685298 0.109838165139408 0.0504502115002988 1 0 0 1288 1295 966 0.500163996197159 0.274830941634731 0.830876302165537 0.119322345623504 0.131929685463861 0.116595604169223 1 1 1 0.00618499453103299 0.00672537609221762 0.472400033601729 1.83033590768762 0.604446488379774
0.493608873640272 0.611324439884838 0.595748448367189 0.0936086575644754 0.115253677076204 0.0753487580328638 1 1 1 442 965 479 0.389093630625194 0.507434111396781 0.444050202658912 0.111845496052612 0.151517177917765 0.114304452208963 1 1 1 0.00283418816901681 0.00479808047837057 0.964588594763369 1.83652042967088 0.909593359835281
0.669530438899467 0.433033406340874 0.584676674989911 0.0654581286152666 0.118765437827997 0.0630859947849032 1 1 1 786 1682 827 0.566317879022381 0.339094470979175 0.415826714247914 0.13357693187412 0.140935982510307 0.101386621687533 1 1 1 0.00502379170312283 0.0045849547315584 0.85073120691693 2.09529912889547 0.95218964084103
0.546311269041103 0.563329642705354 0.595813286022967 0.0907958280187047 0.127709429532094 0.0682932117823205 1 1 1 1088 1261 891 0.421309353738719 0.586922145740762 0.334069003590647 0.106313833536664 0.141023214763804 0.111610606611639 1 1 1 0.00259330394330621 0.00432235819583693 0.913391013953901 1.65392617273706 0.895815204037902
0.480218137444171 0.650805716115659 0.5527595825553 0.10709661914522 0.125306664923066 0.114620833503529 1 1 1 471 681 1240 0.39402512496094 0.506024510672682 0.366535854834568 0.112218381825198 0.147582293467716 0.110497442575637 1 1 1 0.00370283282279602 0.00524758178650607 1.18885646388376 2.07951724833869 1.22101216862577
0.57974247240077 0.624192691554613 0.486933146581941 0.103665454854471 0.130472697694135 0.0970458952237481 1 1 1 1528 2172 1578 0.387097526014066 0.45788974355256 0.451592462813819 0.109918844938666 0.132374513766305 0.104962075740295 1 1 1 0.00261230017479256 0.00531855444845619 1.07876946133908 2.148592042084 1.15810190210008
0.588736692505433 0.534327776409619 0.585275285516361 0.0776926314759895 0.117345047097001 0.0744050057609245 1 1 1 883 474 632 0.50498489654446 0.371946138755127 0.493846955473992 0.107999116311846 0.135093687206911 0.109659699477738 1 1 1 0.00347506543852859 0.00387174109425139 0.638109860098211 1.81062121514416 0.785881833484468
0.55478709494911 0.469801463925591 0.66357657010502 0.0824823396612606 0.130813780208952 0.0851833955562174 1 1 1 1578 1974 1292 0.440387403191483 0.248655834320452 0.697568586337552 0.112748027402537 0.133379175248721 0.111256611652073 1 1 1 0.00311230684131938 0.00558736418653834 0.936959828358565 1.44291747107555 0.94635389394812
0.592893151725732 0.418716674621519 0.663218342214288 0.0891891787450313 0.139139039782174 0.077391417727171 1 1 1 1157 1283 1044 0.460829712883425 0.438150033538971 0.46599160205244 0.109135072464525 0.13392948992147 0.106511385241151 1 1 1 0.0032293376028878 0.00490698067898018 0.847288976818831 1.63986495234458 0.835340123323104
0.490001363416233 0.774868137585109 0.35023303623773 0.116375416370373 0.101164903858921 0.114221207488118 1 1 1 684 588 360 0.345812164010844 0.581712221157681 0.278960676605759 0.111700460330531 0.131620929883179 0.110402607310908 1 1 1 0.00321682488935354 0.00598848327495378 0.85681909248852 2.81222141509977 0.922112938281494
0.494240532956325 0.667742689871097 0.539232128321215 0.0777057707314331 0.090074499204009 0.0701988258481139 1 1 1 1122 1381 1033 0.478890781930018 0.227463354315923 0.596332119974011 0.105506816308249 0.137397943332491 0.109878849506905 1 1 1 0.00265265297373694 0.00579170400289214 0.945633383356401 1.79656406095604 0.939509486410748
0.641517158782486 0.422340271130756 0.616744555928291 0.0851096872115347 0.119743663929009 0.0901987178202858 1 1 1 1147 1763 1069 0.579883462314301 0.317275656921424 0.494057270955381 0.120019428718075 0.137100413466744 0.124503252277513 1 1 1 0.00253009586499313 0.00449696253026053 0.94169165579753 1.86444176130201 0.955630101347541
0.382169385746145 0.587081810094343 0.693199219084692 0.0980958022846761 0.108545848214434 0.0857820191547894 0 1 1 1808 1388 1370 0.406480499699221 0.434285363996919 0.463759854141533 0.107358211938344 0.131687632735021 0.113099658849976 1 1 1 0.00462355312007141 0.00764018570667684 0.849724455934461 1.63703601714102 0.916448288040674
0.559778975713833 0.581324181439179 0.561007059700682 0.0895445487541803 0.120503882681503 0.107004012792073 1 1 1 1496 1526 847 0.491005801072856 0.337794608523642 0.412200020749612 0.10351001163878 0.135363374171947 0.112050514483114 1 1 1 0.00320234873017107 0.00481887436360605 0.653261581673846 1.9230027230093 0.703032501023021
0.459325111568011 0.723423126579002 0.501851386349067 0.0701793147607654 0.0679014969084116 0.0655157641085992 1 1 1 1100 587 842 0.318612023503121 0.650374160171806 0.516492303114715 0.111569808630948 0.142137881767924 0.106616358516576 1 1 1 0.00293022526960354 0.00502712011802652 0.915348629566579 1.78764143305676 0.940041820513426
0.656961840928505 0.571924956268279 0.462815334740547 0.0920630210792386 0.106129637044491 0.0858640094153318 1 1 1 888 718 557 0.451600133648507 0.574662175593495 0.431998245732545 0.11886842860428 0.136712521743126 0.109195732675823 1 1 1 0.00308042228061766 0.00446757104766299 0.674558761118592 2.29823923371361 0.79367675900954
0.630572139566863 0.370718071678115 0.664209972598355 0.0840027054454606 0.111602232290093 0.0653179312758944 1 1 1 795 1252 845 0.593144937340274 0.277049811431943 0.561397359802867 0.110961766359199 0.13499913268101 0.101155047312022 1 1 1 0.00340447694609274 0.00493729619241909 1.06393676206701 1.99072090108315 1.00294094656577
0.462248706651868 0.591121939445577 0.627028088319519 0.109060652674093 0.142240770569532 0.107800911471347 1 1 1 724 372 893 0.377687855838404 0.504791133085056 0.435241844831626 0.103463614903228 0.131974107907881 0.119527561708455 1 1 1 0.00552675034647778 0.00555033556001795 0.738758995481041 1.77129233308951 0.968069572997885
0.503650046835586 0.691387461870695 0.487815054467346 0.0993137574993076 0.0966554896578319 0.105634111127941 1 1 1 1533 1818 2039 0.43885628041909 0.445204281373509 0.432329939693178 0.104358795383903 0.125415675391739 0.110357244333445 1 1 1 0.0039017457575584 0.00561137362257257 0.843599610974517 1.99195193474663 0.87363228865151
0.458567357554583 0.680744893992635 0.54860207258942 0.0932377198508221 0.0985993678646989 0.0832427907397759 1 1 1 938 938 733 0.327287623586921 0.540174929989082 0.468261604912701 0.109454620454118 0.134808629847006 0.100042980164203 1 1 1 0.00580238251581588 0.00492044952921516 0.771839543174245 1.49476737932219 0.734183946103764
0.524905783101443 0.743106573074638 0.390068420957624 0.08577849876411 0.0776989682574128 0.0819946091043481 1 1 0 1198 1096 1424 0.361233823993218 0.575858088291938 0.37382079280911 0.102560415016042 0.138376294692049 0.101279079078036 1 1 1 0.00293553563713093 0.00471420712155508 0.767703880076636 1.97533816210994 0.857093981122601
0.452557954961091 0.708168404626214 0.506877857389593 0.10183201167953 0.117132567419474 0.112619012762068 1 1 1 1047 1199 1046 0.308694978733272 0.624576059397766 0.317848688983894 0.115659457835664 0.129102883199648 0.10579879124359 1 1 1 0.00341848440311322 0.00469854468299483 0.607377447473804 1.88109681384719 0.837289669299658
0.68857480152482 0.50731061333066 0.479166138689671 0.0842738574304593 0.152655043085593 0.092220269846338 1 1 1 934 106 1320 0.432373699671886 0.515801189552644 0.367869086116425 0.113714973365637 0.130196009761109 0.105447908397165 1 1 1 0.00384831098274198 0.00547006695618949 1.01086394528665 1.8200964313721 1.0112094695394
0.657763394812608 0.556102499442435 0.485488874802583 0.0797420234786387 0.0974382861847924 0.0809349735791788 1 1 1 1076 1061 1211 0.485249078107242 0.552006723827681 0.3576586494555 0.114321115756701 0.130610836896465 0.11491991665152 1 1 1 0.00399321744312621 0.00471447133459656 1.04698049146502 1.97984273984669 0.917715124027823
0.734735298225454 0.474212676377616 0.455495382015766 0.0828934454311564 0.113308814177668 0.0900393232062723 1 1 1 816 996 939 0.474401438730706 0.469476628515038 0.263287223328703 0.113760070612129 0.132778913754112 0.101534610219684 1 1 1 0.00357717388736876 0.00590821554431384 0.751527081637587 0.790747466071366 0.747619500607873
0.489127968786168 0.68049890782017 0.511652673544185 0.10016649601423 0.11386032246702 0.113569723963907 1 1 1 964 703 917 0.285303944834602 0.661130732657081 0.261544092363336 0.101422072878448 0.128243087859503 0.102296274237254 1 1 1 0.00212517444089372 0.00620280880031811 0.86157157921099 1.61603605965851 0.992551199574815
0.312015599125274 0.751305077297172 0.568849942346027 0.0762060028861098 0.0680789877381506 0.0644843892779987 0 0 1 659 871 410 0.267143022140027 0.597238081961093 0.371748612114192 0.111364286527628 0.137125771508995 0.116975822358389 1 1 1 0.0046797046570104 0.00552082814455299 0.666143429728173 1.77573600948831 0.744323820939284
0.652931630698005 0.435635635098141 0.597630532626367 0.0913123240392407 0.121536417880027 0.0603097896272406 1 1 1 21 245 189 0.472756775651123 0.253096757765455 0.475119967482397 0.102820624787758 0.13310019797869 0.10488599929297 1 1 1 0.00467736779788223 0.00501604062066578 0.938646144958632 1.87658876208333 0.84085421041805
0.536623463636325 0.495386177347569 0.665473236268173 0.070499975456982 0.112745223934953 0.0780857099387744 1 1 1 1058 1530 811 0.396112977269433 0.567722016319832 0.533787904015839 0.103573465924184 0.134214465441137 0.108541398864438 1 1 1 0.00411978225121621 0.00433853723475239 0.723275226446384 1.78208072219305 0.760469144423227
0.617821849968606 0.328579219761868 0.696702663677535 0.0767235975172525 0.12247363851469 0.0636960736054284 1 0 1 140 889 179 0.60947559746363 0.138319169853938 0.598694633950647 0.123447759152336 0.134348178636505 0.114460796891567 1 1 1 0.00296212039549723 0.00592686462860173 0.812711610472695 1.39334463427871 0.836939345765165
0.612033625666217 0.54652968825109 0.54419326190406 0.0805740723220814 0.119216517534244 0.0993816924724561 1 1 1 333 222 772 0.5587442557893 0.3363388852193 0.335641617592424 0.107067976611813 0.142078009848382 0.118019447277963 1 1 1 0.00312540982375097 0.00597019835043903 0.842707066305055 1.56299600828296 0.841824907695925
0.538629133962387 0.6538900626727 0.503529463294327 0.0899183435991182 0.110218411836457 0.0924029636138209 1 1 1 262 798 67 0.410281875789885 0.390569880814975 0.414189085986235 0.111726507498991 0.13810297370416 0.106983887638887 1 1 1 0.00296248289092264 0.00572181944723755 1.02487038577512 1.97277609074815 1.01475942507517
0.507802984190958 0.579282624699274 0.6205126372797 0.0799236871123048 0.0964329531506606 0.076486018557628 1 1 1 386 653 632 0.325803441204909 0.615060416674449 0.428028554964397 0.114850580273975 0.137058290706084 0.111156367249776 1 1 1 0.00290575224123918 0.00466545039252038 0.910792322993386 1.40544773345519 0.873367942541204
0.526389075099208 0.690747594988029 0.474192805907743 0.0810130919290594 0.087501639885104 0.0819088431884368 1 1 1 608 772 532 0.44815719809825 0.453287758897985 0.437713474162018 0.112808973343934 0.13516104792896 0.111809942833215 1 1 1 0.00233323200786201 0.0052279199513293 0.722936828649078 2.39893945755246 0.952121971522609
0.602111403444839 0.522110036670495 0.587383391425274 0.0808660857442927 0.0881325975261845 0.0744446272562554 1 1 1 645 801 638 0.423590886308992 0.488909092434809 0.507475932057411 0.113731584232032 0.144898221555387 0.119226301876187 1 1 1 0.00259765021503898 0.0052506052434202 0.583920444035162 1.19059132697397 0.667037300165511
0.588569006553921 0.603643977525646 0.506987450464433 0.0968562968300917 0.12832279810633 0.0795258341893215 1 1 1 1084 2197 1146 0.437117239654396 0.431307074573626 0.355668417466935 0.112321544012203 0.155830068220272 0.114662942596605 1 1 1 0.00237803440936902 0.0063398212315329 0.736123138286223 1.23406360964593 0.780703835079844
0.472219890204151 0.538381598429872 0.682050453627752 0.0831197641979502 0.10662980012455 0.0607247113944718 1 1 1 1012 1143 640 0.400734150344931 0.323730003525307 0.629948596008425 0.109117850846221 0.143023306278469 0.111064008002536 1 1 1 0.00382216239374326 0.00535411134379879 0.786686410300675 1.47143146985085 0.746341806186359
0.568638798484094 0.436588125760188 0.662464170635913 0.114754209235447 0.168003854520206 0.0761572235125209 1 1 1 923 401 345 0.435118278619605 0.344965943587422 0.517585953437898 0.125632215374768 0.14302439950211 0.11315910044543 1 1 1 0.0036728283899845 0.00509859684088418 0.954295884439817 1.94216648008841 0.93391744511509
0.728050030271325 0.331952765598918 0.578322586322272 0.0691992172607432 0.118285337303738 0.0807457320766749 1 0 1 559 1527 500 0.663196978053253 0.260126355214915 0.418948346063207 0.115905285567408 0.141018066109538 0.104512616109157 1 1 1 0.00404074210268137 0.00704230246691951 1.21442275381184 2.07812699040176 1.16904554177754
0.647608394178743 0.599536028011373 0.440156985445885 0.0836224025368075 0.110439846449098 0.0907685977091887 1 1 1 1119 796 1522 0.539704328864112 0.500345272494125 0.385543617373726 0.109782930765815 0.132132380829493 0.102742302791971 1 1 1 0.00602157397273047 0.00541442389190711 0.916076225831501 1.67069873805128 0.960406412152459
0.546730755193337 0.390033917205227 0.717571568235477 0.0793969037594556 0.149062435439045 0.0743982921558445 1 1 1 555 1459 523 0.470042953348514 0.367131862220002 0.669688600421488 0.104028684048824 0.129763497810313 0.112179804450927 1 1 1 0.00360788780175452 0.00594563237045745 1.03490893160822 1.79173231458888 1.02330892166506
0.524815014354528 0.765946157664623 0.344533053526336 0.083485753233364 0.0750071302631254 0.0812497266216264 1 0 0 523 899 865 0.450090987785206 0.646380888871571 0.209103615930592 0.104108139205635 0.139838495188433 0.114646960913317 1 1 1 0.00363392785937177 0.00509700005133079 0.997313207646011 1.91493983190229 1.05032514519235
0.58167027086272 0.506689944415144 0.605403084247416 0.0921810230440737 0.142167029492258 0.0985540559768463 1 1 1 1210 1257 1147 0.479100116898446 0.323282912328197 0.610103956913301 0.112203952085917 0.135950324636095 0.114442766055828 1 1 1 0.00396732937574092 0.00442070674672671 0.741530673420833 1.36104154231852 0.713907206287642
0.519649886498234 0.363470778930912 0.754711572592325 0.0815710703678156 0.132706758089268 0.0632896119593924 1 1 0 332 517 282 0.375887525166294 0.313071032981004 0.624969952864989 0.112211561731129 0.137149616181464 0.11632335633994 1 1 1 0.00367822940829194 0.00524093702445952 0.590143525783639 1.4076346184366 0.61701366817739
0.697723275657226 0.351397630401966 0.57611875781382 0.0873052746628158 0.199312432772778 0.102254129003564 1 1 1 794 1090 1094 0.620546272300107 0.244671908892126 0.505372923186609 0.11095371831608 0.140659791770991 0.112204269295022 1 1 1 0.00314356966914135 0.0050851899095741 0.793895813912952 1.49933664855296 0.882418210906287
0.66040941629416 0.612071370249276 0.408125773577385 0.0809344874290438 0.0948415077037157 0.0843905057408668 1 1 1 921 832 400 0.328733250529177 0.524833434784027 0.304640432983558 0.118420910648691 0.141846780815579 0.111921035618995 1 1 1 0.00381007167449817 0.00580455545198852 0.81225040507383 2.09928123852264 0.894102394519116
0.686499191850059 0.460648961420588 0.537852090554614 0.0827735090551953 0.126083475820341 0.0670435438688547 1 1 1 1183 1893 1303 0.435207215731676 0.519574454514208 0.30972202453851 0.11601926880696 0.139504085099214 0.101243589474105 1 1 1 0.00339916186962043 0.00492232176831683 0.748429612000498 1.59278023653815 0.768208822399018
0.567070524372021 0.580472489167548 0.557903122794693 0.095698155511608 0.113881890455362 0.0900397242080435 1 1 1 1459 1722 1425 0.551019293564114 0.546089578951389 0.462313596165389 0.104292886285669 0.12250042757267 0.0959891079482147 1 1 1 0.00456849822119974 0.00534823246832282 0.918662304109719 1.76132114395932 0.926391478340975
0.683775193081521 0.418576877098372 0.582399373747232 0.0632228602457208 0.0999060123983258 0.0638907384893102 1 1 1 694 1297 681 0.47809456834625 0.39022619520099 0.427598579279855 0.109548540695335 0.12818824123513 0.101607235716817 1 1 1 0.00397308827170638 0.00415309890137402 0.865747028543071 1.17322282254527 0.799441434388597
0.62961850415931 0.443698758080445 0.617289640950751 0.0783633242551762 0.110049313354083 0.0861406203950219 1 1 1 853 1571 880 0.463646887906989 0.271122728428035 0.521539547387223 0.110274553264408 0.150259947297507 0.124679995256766 1 1 1 0.00530439628011635 0.00502653474217143 0.750450310185092 1.23249029144042 0.733723126721537
0.512867668624178 0.580610284755017 0.618269144520564 0.0737834556386911 0.0877806348400682 0.0667583702702674 1 1 1 1436 1277 1110 0.422325359705511 0.562523963746828 0.486978707273736 0.105161578001031 0.131991036373701 0.120518415114226 1 1 1 0.00304670876094639 0.00494471157989121 0.866138569132584 1.07841516306157 1.0344427643201
0.590227969332283 0.463927889601006 0.623782812723772 0.104584452745475 0.15508651301323 0.110990778516915 1 1 1 1097 1970 1396 0.513508950499482 0.391078970139358 0.505912286488045 0.117438443706675 0.145167066991228 0.114795121255369 1 1 1 0.00558043215378274 0.00499501669242646 0.991351426877453 1.02300265071473 0.983296884677662
0.513306647211505 0.574934850716585 0.626011724634617 0.0625123670011986 0.0812821691643396 0.0597030710161242 1 1 1 745 1175 630 0.300951830364674 0.677656168736541 0.431399062894528 0.108835253072592 0.145972570646034 0.112560934917381 1 1 1 0.00279003971505179 0.00541337307958013 1.17135638486901 1.40153894252516 0.97349640394051
0.69615964602101 0.500101395339051 0.495637684143414 0.0663261799009276 0.0961345043505297 0.0772497556906961 1 1 1 409 805 554 0.479432068431961 0.501805153697645 0.413817788546338 0.11903850150687 0.128915235075963 0.115921690952877 1 1 1 0.00460740207640778 0.00581585272821914 1.10065271082109 1.80204845170627 1.12857288162455
0.522538859771821 0.640504440598317 0.513785708786944 0.132691857937849 0.15233039904159 0.109238059171855 1 1 1 1642 1547 1475 0.508137214250508 0.330647168512189 0.44356004521188 0.119292335669331 0.135524061643466 0.110929878959145 1 1 1 0.0025596012249574 0.00481481527091214 0.975766523603559 1.80532732413536 1.0087262517036
0.424308343633535 0.740100207070062 0.50205126610172 0.089183184372907 0.0716172354460746 0.0841487454195443 1 0 1 880 590 623 0.663472886454146 0.53579629076619 0.462755348083737 0.1147478440071 0.136659849134965 0.108154602694456 1 1 1 0.0035653553115035 0.00591954666696189 1.02923795655043 1.77279897980384 1.0050693536425
0.678927106845281 0.401771202078328 0.60158075788341 0.0653749004492531 0.0822432934213403 0.0685899059420934 1 0 1 1160 1495 1167 0.441109181818497 0.437942893421341 0.358583711374028 0.10796932065467 0.137425246968995 0.111432912603729 1 1 1 0.00310521847677199 0.00540293946336959 0.652617857088445 1.67835522319833 0.810232645679426
0.562045525630568 0.455400910510592 0.668874958905914 0.0960252534162564 0.117404695467931 0.0795219936661736 1 1 1 997 1450 1062 0.485673940822434 0.239104907447895 0.700005118981082 0.102310530615859 0.133179964238599 0.113411663181876 1 1 1 0.00279789777038622 0.0048973004861702 0.872048513958708 1.89400779981417 0.725287877244891
0.530479278483395 0.593912470306349 0.580423802435 0.0864338971128671 0.122934017726906 0.0799473250844797 1 1 1 1301 2124 1115 0.576706804779253 0.289425720065587 0.434971549975012 0.108029988868126 0.150288745904223 0.117168607466311 1 1 1 0.0027712314340013 0.00573153262382864 0.837984469547993 1.17510790273164 0.89419186911494
0.63080739385702 0.650965856008355 0.381843901356246 0.103523633155826 0.11362595528303 0.0943443323218019 1 1 0 487 798 832 0.56904142072987 0.339090730822317 0.364873031364567 0.113285512175283 0.140593171530999 0.120486367014094 1 1 1 0.00256350731553738 0.00486259116504673 0.776181714872845 1.59575313827857 0.773241546532542
0.346231870231135 0.796940747808766 0.46873961946175 0.0955416099889908 0.0773443909242778 0.100936000643683 0 0 1 928 949 1013 0.135376141438623 0.690854162541664 0.640274294731896 0.11976426273441 0.156494112262029 0.110441914620758 1 1 1 0.00375915218311277 0.00659845550397973 0.955724571092698 1.55901779665839 0.937479964481921
0.371128594967456 0.784920621918398 0.473914545953417 0.0940358086724449 0.074128901941917 0.0850632258831188 0 0 1 2242 1474 1947 0.181857288156437 0.580320705985452 0.42959361232802 0.116178499879355 0.14386573962308 0.109333223316424 1 1 1 0.00422420643389158 0.00531679450904047 0.821502422462058 1.19669054128786 0.7835793557057
0.470392472490171 0.544171217722569 0.671081964377394 0.101695191270164 0.113379741704437 0.0952302125149414 1 1 1 1192 933 487 0.492252323115245 0.376504424791556 0.558494582757062 0.10660847864617 0.126752897532447 0.101364221062698 1 1 1 0.00296382679137589 0.00441500239198901 0.742145109916794 2.08476396331475 0.864482277746369
0.218314974347284 0.772832313482937 0.565573349162735 0.117711023818524 0.0982469290281879 0.108148189217778 0 1 1 2123 1387 1284 0.283211602653381 0.599987654735647 0.311056343421358 0.114540623864134 0.146947163487528 0.115148552149839 1 1 1 0.00433034662509472 0.00472571367313653 0.948344703224763 2.30652327838149 1.02951225035376
0.517463712842139 0.583553479948569 0.600525583711545 0.0947381347619741 0.111603705469866 0.0981974151648992 1 1 1 688 938 611 0.334112219696877 0.517650110004691 0.441784544196707 0.111395360990545 0.130409800655118 0.101246602687695 1 1 1 0.00323189191009441 0.00626102335794345 0.68152092678616 1.96635972649628 0.690815686309963
0.570522072555051 0.671222302835173 0.431729064928562 0.098462851175863 0.121780076297853 0.114277187155363 1 1 1 767 487 783 0.514138607824949 0.563322519613494 0.257420807959205 0.124516050607552 0.141947569914173 0.108461063809769 1 1 1 0.00376186116737645 0.00466709551410698 0.680293483720872 1.82196005694985 0.901536282446588
0.435522694965985 0.669124941574604 0.573287994633909 0.0981593624489409 0.10573742891323 0.114566534905378 1 1 1 1161 474 1130 0.277185377122396 0.431534942549513 0.61027137786477 0.115840381978027 0.133889632124089 0.103630815477341 1 1 1 0.00278543365254245 0.00490776500664188 0.997624103162806 2.38647421765424 1.06373823342863
0.62893687640406 0.499133894150056 0.575311930800652 0.0708171478576146 0.112330048290205 0.0818102488372522 1 1 1 453 566 448 0.311210024243085 0.525123680682653 0.388137521386485 0.110712382259776 0.148874930223619 0.118277089591365 1 1 1 0.00342071312681251 0.00497100804057527 0.860191788752085 1.73947511465567 0.916815814541713
0.584572190076148 0.452641410638727 0.644089193565904 0.101283608541245 0.148049662179626 0.079829720841213 1 1 1 1535 2067 1254 0.455583041510717 0.521644639192132 0.416438626613868 0.107566128321053 0.135744487708957 0.113598001553311 1 1 1 0.00327974104170572 0.00459220947627299 1.10994932349178 1.23434367392395 1.12066321037688
0.607838402076853 0.463486253560499 0.624012832738616 0.0685988173742919 0.122384990891768 0.0815086034842592 1 1 1 477 319 365 0.359380195495876 0.505118189706745 0.396430939651054 0.11376380570054 0.144406198021639 0.111854926484209 1 1 1 0.0042244289244642 0.00616392704118398 1.03793690614324 1.57596524106741 0.996427418764869
0.551143625788538 0.645519114102761 0.508297793270759 0.0853175282519487 0.0919505601741062 0.0738270980061441 1 1 1 583 133 210 0.45286417042101 0.350898848547196 0.487432438627959 0.111226272379971 0.146683431684051 0.117285297914434 1 1 1 0.00274248068167334 0.00545564317950425 0.695171962418778 1.38024730662761 0.73170102635781
0.41306923434218 0.74182722901762 0.501990622456974 0.10169395577197 0.092427139065579 0.090520261850516 1 1 1 381 915 854 0.347091042623652 0.559948743245543 0.327348500035447 0.106988142008208 0.147941458501236 0.124482993606917 1 1 1 0.00319658271340268 0.00470712038748094 0.931920139773069 1.36948011572953 0.929563850707236
0.594521244795236 0.496166028454764 0.615443338169795 0.0720350346986706 0.108380617025796 0.0682880259690773 1 1 1 941 1065 902 0.465363669263741 0.426543819343001 0.412341369100652 0.11535304328738 0.147684449658613 0.109472026146072 1 1 1 0.0031801955062195 0.00481872065022886 0.562973179563091 1.83500661872248 0.680548988881431
0.560321223199244 0.653370429134509 0.481960085768892 0.092986053114654 0.105178735916943 0.0846134116337506 1 1 1 853 1016 923 0.47190057139694 0.479441016425139 0.408356297151461 0.116447444204912 0.140567146580781 0.113606356786685 1 1 1 0.00311614941527986 0.00555175722719634 1.04756594956698 1.6488252780796 1.1154738514842
0.617817883488162 0.596913412760942 0.468124996399247 0.088928858645551 0.137724855777283 0.126446299834198 1 1 1 783 1275 472 0.54306842183922 0.406441469297436 0.418795344213584 0.117048922008992 0.138462713218923 0.102062174333368 1 1 1 0.00246401852180588 0.00490365001989419 0.879367500031076 2.32935529143107 0.894504685590116
0.405682058900618 0.692340064995666 0.582392689147416 0.0735502907692174 0.0801279872453041 0.0712751364400289 0 1 1 674 312 606 0.406514743406269 0.605960556269283 0.472235943667988 0.10583054404612 0.141112587472272 0.112494640379512 1 1 1 0.00394158811479767 0.00445302814000743 0.864528482698518 1.86793149891772 0.865688929187581
0.5602489285085 0.611000129733845 0.526588747115425 0.095143419211915 0.123682257030823 0.10565783617628 1 1 1 963 1230 1828 0.522897987030262 0.44147652064826 0.459981937332338 0.110014380218559 0.14055878544107 0.106547152286324 1 1 1 0.00245006756697441 0.00459981036447925 0.749185228159621 1.57302136345172 0.761197078488555
0.68650846336825 0.518642705254449 0.451793002933837 0.0899800494455917 0.16545277907676 0.14192190924101 1 1 1 660 753 858 0.532602583119899 0.298495208573358 0.442356118297289 0.107477408010831 0.138456838120221 0.119467991058401 1 1 1 0.0033889976968638 0.00513173021186417 0.917340888778815 2.06234834371946 0.899096618111216
0.674285720452576 0.462651960438755 0.54212919892519 0.0972948810306398 0.140222093571203 0.0909322949854408 1 1 1 1129 2350 1490 0.528486390197214 0.367339530275952 0.504802798392836 0.118276746564108 0.13460304106148 0.114412240466807 1 1 1 0.00269077269266299 0.00494432893574766 1.12645150403104 1.62197923159232 1.00559415013482
0.628470938421 0.603464738774473 0.463859830364814 0.0864527374774336 0.102817543401553 0.0874616893792773 1 1 1 1102 1232 1323 0.563289059170611 0.540966128882836 0.347353392633782 0.117763304515039 0.135669853317658 0.119568133149653 1 1 1 0.00328084135511518 0.00539544504032064 0.762123023059157 2.41511569766389 1.00983303057723
0.67058412176215 0.415216891541787 0.5757532721988 0.091357051118297 0.172351371736413 0.0915452890885324 1 1 1 745 1980 895 0.557789737041857 0.338664467507392 0.568537066716744 0.105730126776138 0.135274317105029 0.115236736328219 1 1 1 0.00317447207313143 0.005089532832646 0.912057282881671 1.56116053285482 0.903778173613737
0.584234257452483 0.568813580685869 0.55103439816557 0.100466894807257 0.118492383254571 0.085769258157488 1 1 1 814 1849 1210 0.50682778997946 0.434208865433682 0.423034357783762 0.0997032055964499 0.129311785099612 0.106504488610452 1 1 1 0.00222198159033823 0.00468485360439008 0.57044006109011 1.8907314282942 0.649049207037581
0.617796277263023 0.39008589478821 0.66464212278103 0.0751278546898554 0.117307461014665 0.0707988176401018 1 1 1 1042 898 903 0.517122774481032 0.386062809688704 0.612371054781798 0.112687239433075 0.128123905149836 0.105794683381542 1 1 1 0.00280646807290541 0.0045531724477695 0.655597959814768 1.48070262339085 0.715630529607239
0.623386071907734 0.469469834801347 0.595456490766954 0.102769716544225 0.126831868429186 0.0988970010531368 1 1 1 1319 1458 1040 0.376645870849555 0.324228150298287 0.411835576341989 0.102438302524982 0.128022208007358 0.110767729987224 1 1 1 0.00286487311787666 0.00520491215350893 0.737836312553152 1.47140482464587 0.787941464455748
0.706944681306685 0.396815055550971 0.559803433494883 0.071852234430244 0.125770136678241 0.091725802576808 1 1 1 603 694 740 0.569757473747631 0.186480021132281 0.572804812692964 0.120903245438171 0.134459145962557 0.110511024023018 1 1 1 0.00274660947304645 0.00548005718805371 0.919033022794193 1.10325080674451 0.823969632152805
0.599350615310734 0.434411212528493 0.660714644986112 0.0682048255061431 0.0854417790283389 0.0597794435874095 1 1 1 620 970 564 0.510158510138209 0.369728862391569 0.441742566448173 0.108468059376204 0.129947246959521 0.112322049842672 1 1 1 0.00331743169658482 0.00653070575925178 0.750794027373528 2.40167491476769 0.851483911180953
0.606249902210682 0.547540179973055 0.54379625141712 0.0895891147495722 0.140358679823597 0.0960672408611698 1 1 1 703 1601 737 0.461227437616602 0.450734800644866 0.490928868336206 0.112498986767125 0.140791937141883 0.112158204025596 1 1 1 0.00283324138100678 0.00424550867621741 0.934214380849026 1.39170633100157 0.889318643837024
0.666267172257523 0.541630885055118 0.487942864823483 0.0696106591377381 0.101578210120302 0.0973559656495766 1 1 1 934 826 1267 0.529845053781032 0.371509666362346 0.360724338563463 0.105159609422077 0.127973640892126 0.109030692842365 1 1 1 0.00374880268338202 0.0059264567250075 0.97865951234146 1.74457985544645 1.01020157238542
0.472323849159444 0.576379607521231 0.646796391196423 0.0968607504338354 0.110920441279813 0.0683549416844017 1 1 1 1171 987 888 0.519038522751514 0.287095211284449 0.52586217320482 0.117635408418243 0.140276130919311 0.112937294599065 1 1 1 0.00227975971599426 0.00488324090135343 0.748616539142439 2.19462926911115 1.00076140723603
0.77183482554384 0.345960339489136 0.513184160221049 0.0567559895609913 0.104823123411931 0.0837892664145449 0 0 1 636 1421 563 0.538281676355312 0.304387815142427 0.550127304371537 0.117382709216435 0.130467811614453 0.110033363941739 1 1 1 0.00379874357515851 0.00593992380224675 0.832723099162166 1.80870464825948 0.796728085960593
0.544795376676775 0.629337132134035 0.538508216801546 0.0707333334443541 0.0845017924025284 0.0707262413563536 1 1 1 742 848 721 0.477176221543808 0.441342540689459 0.486579710472186 0.115770901115698 0.136942883060904 0.114570247048876 1 1 1 0.00380161520251195 0.00476478227100934 0.588157555166207 1.66003711662895 0.578566874764146
